0 88 54
1 59 54
2 83 54
3 64 54
4 50 50
5 71 83
6 52 76
7 39 71
8 58 64
9 49 59
10 44 39
11 52 35
12 48 37
13 37 34
14 39 30
15 36 29
16 35 24
17 33 28
18 31 27
19 27 27
20 24 24
21 25 24
22 24 19
23 24 22
24 24 20
25 20 18
26 18 16
27 18 16
28 18 13
29 22 15
30 20 18
31 19 19
32 25 16
33 25 16
34 20 13
35 33 12
36 35 13
37 32 16
38 51 15
39 56 12
40 53 10
41 87 11
42 93 11
43 83 12
44 130 12
45 142 12
46 138 12
47 197 15
48 203 17
49 194 23
50 216 23
51 219 23
52 216 23
53 215 28
54 213 31
55 206 39
56 199 39
57 208 38
58 202 37
59 197 40
60 200 42
61 196 40
62 189 43
63 193 43
64 189 40
65 190 43
66 194 47
67 191 46
68 191 46
69 199 45
70 199 38
71 204 38
72 213 37
73 202 40
74 207 40
75 216 42
76 210 39
77 218 46
78 218 44
79 215 45
80 229 46
81 228 46
82 223 40
83 235 46
84 224 51
85 212 56
86 220 53
87 209 59
88 197 57
89 199 57
90 181 72
91 175 75
92 172 73
93 159 82
94 150 78
95 144 71
96 139 73
97 125 84
98 119 81
99 104 81
