0 12 4
1 9 4
2 17 4
3 16 4
4 16 3
5 31 4
6 31 3
7 30 2
8 56 2
9 56 2
10 55 2
11 100 4
12 102 4
13 100 4
14 184 4
15 190 4
16 188 4
17 335 8
18 353 8
19 350 8
20 568 8
21 594 8
22 600 8
23 743 16
24 753 16
25 759 16
26 776 16
27 775 16
28 770 16
29 759 31
30 753 32
31 749 32
32 744 32
33 742 30
34 741 25
35 728 47
36 719 50
37 715 50
38 707 49
39 710 43
40 711 39
41 697 57
42 690 64
43 683 64
44 674 64
45 678 53
46 681 44
47 676 63
48 660 74
49 650 76
50 648 75
51 649 64
52 654 56
53 644 69
54 635 78
55 621 80
56 617 79
57 617 74
58 621 68
59 607 79
60 590 99
61 577 103
62 564 104
63 572 89
64 572 77
65 555 89
66 543 101
67 520 117
68 515 116
69 514 104
70 501 92
71 512 81
72 491 97
73 466 112
74 451 109
75 443 105
76 441 91
77 435 84
78 424 99
79 403 114
80 392 112
81 378 103
82 389 92
83 383 83
84 372 95
85 361 105
86 341 106
87 328 101
88 324 83
89 327 73
90 313 86
91 307 90
92 289 93
93 278 93
94 275 75
95 267 71
96 264 72
97 262 69
98 251 75
99 241 78
100 233 65
101 223 63
102 220 60
103 220 61
104 220 59
105 217 62
106 215 54
107 210 52
108 206 49
109 214 48
110 206 52
111 203 57
112 207 55
113 212 53
114 206 50
115 221 47
116 230 48
117 228 46
118 254 50
119 271 48
120 273 47
121 315 52
122 342 51
123 362 48
124 416 46
125 447 45
126 470 45
127 516 51
128 529 54
129 536 56
130 554 58
131 568 61
132 570 61
133 576 69
134 580 75
135 567 78
136 554 84
137 561 88
138 547 87
139 539 91
140 529 90
141 524 89
142 508 96
143 498 105
144 485 101
145 473 110
146 461 106
147 450 98
148 437 102
149 432 101
150 418 104
151 409 112
152 397 103
153 393 92
154 388 92
155 374 92
156 366 89
157 356 98
158 351 92
159 357 85
160 355 76
161 336 83
162 324 85
163 313 89
164 304 87
165 290 79
166 286 82
167 278 85
168 266 80
169 262 84
170 252 82
171 256 70
172 256 68
173 251 63
174 240 60
175 241 63
176 238 62
177 241 52
178 255 48
179 264 44
180 278 46
181 283 52
182 307 52
183 340 46
184 357 39
185 396 37
186 438 39
187 451 47
188 480 54
189 497 50
190 508 45
191 550 39
192 566 40
193 576 47
194 598 53
195 610 53
196 617 50
197 633 49
198 636 52
199 629 62
200 630 74
201 626 73
202 620 70
203 621 72
204 607 81
205 583 95
206 574 105
207 562 106
208 556 97
209 549 96
210 533 103
211 519 110
212 506 119
213 493 117
214 487 109
215 493 105
216 472 113
217 461 114
218 454 120
219 436 116
220 426 106
221 422 101
222 404 106
223 383 116
224 372 121
225 363 122
226 348 111
227 336 110
228 332 109
229 317 109
230 330 106
231 322 96
232 304 86
233 305 82
234 289 88
235 281 90
236 270 95
237 258 97
238 258 92
239 251 86
240 248 90
241 238 90
242 233 86
243 226 89
244 227 82
245 227 79
246 222 85
247 246 84
248 249 82
249 247 82
250 293 70
251 297 62
252 304 64
253 346 65
254 347 70
255 352 74
256 390 68
257 395 64
258 398 69
259 416 69
260 410 76
261 396 80
262 401 78
263 405 81
264 386 94
265 372 105
266 371 105
267 354 105
268 337 100
269 363 97
270 358 100
271 333 102
272 354 106
273 337 104
274 325 94
275 343 79
276 343 77
277 324 71
278 340 74
279 340 77
280 323 78
281 328 68
282 322 66
283 323 73
284 333 79
285 330 76
286 329 74
287 344 64
288 333 64
289 336 60
290 344 71
291 335 72
292 337 75
293 352 71
294 369 68
295 364 64
296 375 74
297 387 77
298 400 82
299 418 76
300 426 75
301 450 68
302 460 80
303 488 89
304 477 93
305 487 89
306 505 92
307 502 87
308 507 85
309 508 94
310 503 95
311 497 92
312 490 103
313 479 100
314 468 106
315 456 121
316 451 128
317 442 122
318 429 124
319 429 115
320 422 119
321 416 122
322 402 121
323 386 117
324 377 123
325 365 118
326 353 124
327 335 128
328 315 130
329 304 119
330 289 122
331 273 117
332 267 123
333 246 130
334 237 129
335 229 117
336 220 109
337 222 95
338 211 93
339 211 89
340 199 88
341 184 87
342 195 81
343 189 76
344 182 73
345 185 77
346 182 74
347 177 78
348 183 70
349 177 67
350 171 73
351 172 77
352 171 81
353 165 83
354 169 76
355 183 72
356 185 74
357 198 66
358 229 65
359 239 64
360 260 60
361 294 54
362 319 54
363 336 58
364 377 64
365 404 70
366 421 72
367 458 73
368 476 79
369 480 81
370 498 89
371 499 93
372 479 97
373 482 99
374 465 104
375 434 123
376 402 132
377 388 136
378 350 135
379 332 136
380 311 137
381 288 144
382 263 135
383 239 138
384 234 122
385 213 115
386 199 114
387 175 116
388 172 117
389 153 107
390 157 95
391 155 83
392 147 72
393 145 61
394 143 60
395 132 58
396 126 51
397 142 51
398 144 51
399 143 45
400 162 43
401 164 39
402 161 33
403 186 32
404 189 32
405 189 33
406 216 36
407 221 40
408 223 37
409 262 38
410 263 34
411 272 38
412 298 42
413 300 45
414 306 45
415 319 48
416 334 46
417 346 49
418 362 53
419 375 53
420 406 55
421 423 58
422 443 54
423 468 59
424 473 65
425 480 63
426 509 67
427 515 66
428 526 61
429 543 66
430 549 64
431 563 59
432 576 62
433 564 64
434 558 65
435 562 69
436 547 73
437 550 66
438 542 70
439 525 74
440 522 74
441 511 83
442 501 86
443 501 81
444 483 87
445 471 89
446 453 96
447 443 96
448 434 96
449 427 88
450 412 93
451 397 99
452 391 108
453 374 104
454 373 99
455 362 93
456 349 87
457 334 95
458 326 97
459 317 99
460 306 96
461 309 88
462 301 86
463 296 86
464 286 88
465 282 88
466 287 88
467 289 83
468 287 83
469 279 82
470 274 86
471 262 91
472 249 99
473 259 94
474 256 97
475 246 97
476 257 101
477 252 103
478 243 99
479 265 97
480 271 90
481 252 90
482 286 94
483 280 95
484 268 92
485 304 86
486 311 75
487 303 75
488 322 80
489 316 85
490 312 87
491 312 85
492 300 85
493 293 91
494 288 101
495 255 113
496 239 115
497 232 112
498 214 100
499 212 97
500 224 97
501 203 99
502 191 100
503 217 99
504 208 90
505 217 82
506 241 72
507 233 73
508 241 68
509 261 65
510 256 59
511 265 55
512 287 54
513 268 68
514 291 68
515 301 70
516 297 63
517 313 63
518 323 57
519 314 69
520 330 71
521 334 72
522 338 71
523 357 73
524 368 71
525 365 73
526 382 73
527 396 79
528 402 73
529 416 75
530 437 75
531 439 77
532 457 74
533 470 78
534 473 71
535 491 81
536 495 84
537 498 97
538 497 95
539 490 92
540 493 85
541 491 88
542 486 91
543 476 105
544 451 106
545 433 108
546 420 101
547 407 106
548 399 107
549 391 118
550 378 125
551 367 125
552 356 116
553 343 113
554 327 113
555 316 108
556 302 122
557 289 118
558 279 106
559 265 108
560 259 107
561 247 104
562 230 105
563 214 108
564 201 102
565 192 94
566 184 88
567 191 79
568 178 83
569 168 80
570 172 69
571 177 68
572 183 63
573 206 59
574 212 51
575 223 48
576 267 44
577 283 40
578 297 40
579 350 42
580 378 46
581 400 50
582 445 49
583 458 50
584 457 50
585 477 52
586 482 55
587 482 65
588 499 66
589 502 68
590 496 68
591 501 69
592 509 72
593 492 80
594 488 84
595 492 89
596 488 84
597 483 89
598 492 92
599 482 95
600 477 99
601 492 99
602 488 89
603 477 95
604 476 91
605 470 94
606 475 94
607 463 90
608 456 90
609 437 99
610 416 98
611 400 105
612 391 107
613 379 106
614 374 103
615 368 102
616 360 96
617 350 97
618 335 95
619 325 98
620 314 92
621 303 104
622 295 98
623 288 97
624 289 92
625 284 88
626 270 88
627 269 88
628 254 95
629 252 94
630 264 91
631 258 84
632 252 83
633 274 86
634 265 84
635 260 85
636 293 87
637 284 80
638 289 78
639 330 85
640 322 82
641 336 84
642 353 86
643 348 83
644 350 88
645 364 100
646 353 100
647 352 95
648 354 101
649 341 93
650 350 96
651 342 112
652 320 108
653 325 108
654 329 111
655 319 96
656 340 92
657 335 102
658 320 96
659 328 100
660 337 98
661 325 84
662 353 85
663 342 97
664 324 94
665 333 100
666 338 95
667 308 85
668 317 92
669 315 94
670 285 103
671 276 110
672 268 108
673 241 107
674 249 105
675 239 108
676 220 108
677 226 106
678 226 99
679 218 88
680 235 87
681 240 81
682 219 88
683 239 91
684 239 95
685 226 90
686 254 82
687 260 77
688 248 76
689 289 78
690 288 84
691 282 78
692 308 80
693 298 80
694 279 75
695 318 80
696 307 88
697 287 85
698 325 83
699 312 83
700 302 80
701 331 83
702 329 91
703 321 88
704 370 88
705 368 91
706 353 85
707 400 88
708 398 99
709 381 95
710 405 96
711 377 107
712 373 101
713 372 100
714 349 108
715 337 104
716 330 108
717 317 113
718 309 98
719 314 91
720 300 91
721 297 84
722 291 84
723 281 84
724 278 81
725 281 78
726 275 74
727 265 73
728 269 64
729 260 68
730 244 76
731 247 71
732 244 79
733 234 73
734 254 66
735 260 63
736 272 63
737 295 57
738 292 63
739 287 65
740 333 61
741 338 62
742 348 65
743 396 65
744 392 72
745 409 73
746 449 65
747 446 65
748 466 71
749 508 72
750 494 83
751 492 93
752 504 91
753 494 92
754 494 104
755 486 106
756 467 119
757 458 136
758 442 126
759 425 126
760 424 126
761 414 126
762 393 138
763 386 139
764 381 128
765 362 118
766 354 111
767 330 110
768 304 126
769 286 132
770 286 129
771 283 115
772 270 101
773 276 93
774 268 101
775 246 100
776 242 94
777 245 89
778 231 87
779 237 80
780 225 89
781 208 97
782 205 94
783 212 89
784 205 79
785 205 70
786 205 79
787 193 88
788 180 86
789 180 83
790 179 80
791 174 68
792 190 63
793 184 66
794 174 73
795 193 69
796 195 68
797 196 58
798 208 54
799 215 60
800 220 64
801 240 64
802 263 67
803 262 66
804 275 64
805 321 68
806 321 69
807 325 75
808 401 78
809 409 78
810 433 76
811 459 69
812 447 66
813 440 71
814 433 82
815 416 83
816 405 82
817 400 73
818 388 67
819 389 67
820 371 73
821 351 74
822 372 70
823 367 61
824 365 48
825 403 37
826 402 44
827 394 46
828 446 41
829 455 39
830 461 34
831 520 35
832 531 42
833 537 47
834 573 45
835 586 41
836 599 37
837 632 37
838 628 44
839 630 53
840 648 54
841 645 53
842 636 51
843 641 58
844 628 72
845 604 86
846 597 90
847 591 87
848 582 77
849 580 77
850 570 84
851 550 102
852 540 109
853 531 105
854 535 94
855 532 91
856 514 90
857 512 101
858 494 109
859 482 100
860 477 92
861 472 87
862 460 94
863 462 102
864 441 116
865 438 105
866 431 91
867 428 87
868 417 87
869 412 98
870 387 110
871 382 112
872 374 105
873 365 99
874 359 93
875 346 96
876 330 104
877 315 106
878 311 97
879 300 86
880 298 87
881 288 90
882 271 103
883 265 96
884 261 87
885 259 83
886 259 78
887 260 70
888 255 77
889 251 70
890 266 69
891 263 67
892 266 64
893 282 67
894 280 75
895 292 72
896 322 70
897 317 68
898 343 66
899 383 67
900 373 78
901 385 76
902 413 82
903 411 85
904 416 84
905 426 90
906 414 99
907 423 100
908 434 101
909 430 96
910 440 87
911 448 95
912 431 105
913 420 114
914 421 120
915 413 118
916 415 110
917 420 111
918 410 120
919 391 122
920 371 121
921 352 115
922 341 110
923 326 119
924 310 124
925 288 128
926 278 121
927 269 104
928 254 100
929 241 94
930 239 90
931 224 97
932 212 89
933 203 80
934 192 78
935 184 75
936 170 72
937 172 68
938 163 64
939 162 56
940 160 49
941 159 43
942 156 43
943 148 44
944 141 49
945 141 45
946 135 50
947 135 44
948 141 38
949 139 41
950 145 42
951 146 35
952 147 39
953 163 35
954 172 33
955 171 36
956 201 39
957 214 37
958 210 40
959 262 37
960 278 37
961 285 36
962 331 38
963 352 34
964 354 41
965 404 38
966 425 32
967 441 28
968 493 29
969 520 24
970 532 31
971 555 30
972 567 30
973 578 31
974 575 35
975 592 34
976 597 40
977 596 43
978 604 44
979 605 44
980 604 54
981 617 48
982 615 52
983 619 52
984 626 46
985 630 51
986 623 58
987 616 54
988 617 60
989 603 59
990 600 54
991 601 55
992 585 65
993 572 65
994 563 75
995 550 78
996 551 70
997 543 68
998 538 69
999 535 66
